0
0
0
0
0
84622
428058
394417
190724
174881
311944
352127
370506
330615
35582
49360
14128
367563
380523
339704
29000
112356
113872
153244
436959
195149
234879
354758
55701
259940
253478
151092
41032
119535
102183
198897
118118
404204
105709
44846
399294
327922
130098
373946
207763
388269
271823
156244
206482
327983
179018
72249
130312
144761
128463
143959
242654
125567
230967
384498
209107
50546
178504
343558
11373
259533
180222
264072
318932
65080
92358
294927
122723
104671
50137
428892
150087
30152
73801
256670
104746
193728
290481
92441
79485
36307
39163
269608
39328
81235
49534
253436
308196
277560
107158
199527
286844
55193
197821
338178
